122,1,7.595323912908603,1
122,2,20.595323912908604,1
122,9,25.595323912908604,1
135,1,28.65691660653282,1
122,5,35.595323912908604,1
135,8,41.65691660653282,1
122,2,49.595323912908604,1
122,8,54.595323912908604,1
135,7,54.77756974406745,1
135,3,60.899383570151116,1
122,5,64.59532391290861,1
135,9,74.89938357015112,1
122,2,78.59532391290861,1
122,6,83.59532391290861,1
135,7,84.89938357015112,1
135,6,92.24263328391866,1
122,4,97.59532391290861,1
135,7,106.24263328391866,1
135,5,111.24263328391866,1
122,2,111.59532391290861,1
122,8,116.59532391290861,1
135,6,125.24263328391866,1
122,7,126.59532391290861,1
122,4,131.5953239129086,1
135,5,139.24263328391868,1
122,7,145.5953239129086,1
122,8,150.5953239129086,1
135,7,153.24263328391868,1
135,4,158.24263328391868,1
122,6,160.5953239129086,1
135,7,172.24263328391868,1
122,3,174.5953239129086,1
135,6,177.24263328391868,1
122,8,188.5953239129086,1
135,5,191.24263328391868,1
122,2,198.5953239129086,1
122,6,203.5953239129086,1
135,3,205.24263328391868,1
122,8,217.5953239129086,1
135,6,219.24263328391868,1
122,4,227.5953239129086,1
135,5,233.24263328391868,1
122,3,241.5953239129086,1
135,8,247.24263328391868,1
122,9,255.5953239129086,1
135,3,257.2426332839187,1
122,2,265.5953239129086,1
122,7,270.5953239129086,1
135,8,271.2426332839187,1
122,4,275.5953239129086,1
135,9,281.2426332839187,1
122,3,289.5953239129086,1
135,7,291.2426332839187,1
135,10,301.3965892780278,1
122,8,303.5953239129086,1
122,6,313.5953239129086,1
122,5,327.5953239129086,1
122,8,341.5953239129086,1
122,5,351.5953239129086,1
122,9,365.5953239129086,1
122,2,375.5953239129086,1
122,3,380.5953239129086,1
122,4,394.5953239129086,1
122,9,408.5953239129086,1
122,7,418.5953239129086,1
122,9,424.1513990471626,1
122,6,434.1513990471626,1
122,4,448.1513990471626,1
122,8,462.1513990471626,1
122,5,472.1513990471626,1
122,2,486.1513990471626,1
122,9,495.38162497997456,1
122,4,505.38162497997456,1
122,2,519.3816249799745,1
122,5,524.3816249799745,1
122,4,538.3816249799745,1
122,7,552.3816249799745,1
122,2,557.3816249799745,1
122,8,562.3816249799745,1
122,9,572.3816249799745,1
122,7,582.3816249799745,1
122,8,587.3816249799745,1
122,3,597.3816249799745,1
122,9,611.3816249799745,1
122,3,621.3816249799745,1
122,4,635.3816249799745,1
122,2,649.3816249799745,1
122,3,654.3816249799745,1
122,2,668.3816249799745,1
122,4,673.3816249799745,1
122,3,687.3816249799745,1
122,7,701.3816249799745,1
122,9,706.3816249799745,1
122,2,716.3816249799745,1
122,10,727.1247749286267,1
188,1,912.4907997061777,3
188,4,925.4907997061777,3
188,5,939.4907997061777,3
114,1,949.6229129136789,3
188,9,953.4907997061777,3
1147,7,962.6229129136789,3
188,4,963.4907997061777,3
1147,9,967.6229129136789,3
188,8,977.4907997061777,3
1147,3,977.6229129136789,3
188,9,987.4907997061777,3
1147,8,991.6229129136789,3
188,6,997.4907997061777,3
1147,4,1001.6229129136789,3
188,9,1011.4907997061777,3
1147,9,1015.6229129136789,3
188,7,1021.4907997061777,3
1147,4,1025.6229129136789,3
188,5,1026.4907997061778,3
1147,8,1039.6229129136789,3
188,8,1040.4907997061778,3
1147,4,1049.6229129136789,3
188,6,1050.4907997061778,3
1147,3,1063.6229129136789,3
188,5,1064.4907997061778,3
1147,8,1077.6229129136789,3
188,8,1078.4907997061778,3
1147,9,1087.6229129136789,3
188,5,1088.4907997061778,3
1147,7,1097.6229129136789,3
188,4,1102.4907997061778,3
1147,10,1111.7949831227018,3
188,7,1116.4907997061778,3
188,4,1121.4907997061778,3
188,9,1135.4907997061778,3
188,6,1145.4907997061778,3
188,4,1159.4907997061778,3
188,9,1173.4907997061778,3
188,3,1183.4907997061778,3
188,6,1197.4907997061778,3
188,5,1211.4907997061778,3
188,3,1225.4907997061778,3
188,5,1239.4907997061778,3
188,7,1253.4907997061778,3
188,3,1258.4907997061778,3
188,4,1272.4907997061778,3
188,8,1286.4907997061778,3
188,2,1296.4907997061778,3
188,7,1301.4907997061778,3
188,9,1306.4907997061778,3
188,2,1316.4907997061778,3
188,7,1324.6955233657434,3
188,5,1329.6955233657434,3
188,8,1343.6955233657434,3
188,9,1353.6955233657434,3
188,3,1363.6955233657434,3
188,2,1377.6955233657434,3
188,8,1382.6955233657434,3
188,7,1392.6955233657434,3
188,9,1397.6955233657434,3
188,6,1407.6955233657434,3
188,2,1421.6955233657434,3
188,8,1426.6955233657434,3
188,2,1436.6955233657434,3
188,7,1441.6955233657434,3
188,8,1446.6955233657434,3
188,4,1456.6955233657434,3
188,2,1470.6955233657434,3
188,5,1475.6955233657434,3
188,8,1489.6955233657434,3
188,9,1499.6955233657434,3
188,6,1509.6955233657434,3
188,3,1523.6955233657434,3
188,2,1537.6955233657434,3
188,4,1542.6955233657434,3
188,5,1556.6955233657434,3
188,4,1570.6955233657434,3
188,7,1584.6955233657434,3
188,4,1589.6955233657434,3
188,5,1603.6955233657434,3
188,4,1617.6955233657434,3
188,7,1631.6955233657434,3
188,8,1636.6955233657434,3
188,4,1646.6955233657434,3
188,5,1660.6955233657434,3
188,9,1674.6955233657434,3
188,4,1684.6955233657434,3
188,9,1698.6955233657434,3
188,2,1708.6955233657434,3
188,4,1713.6955233657434,3
188,2,1727.6955233657434,3
188,4,1732.6955233657434,3
188,9,1746.6955233657434,3
188,2,1756.6955233657434,3
188,7,1761.6955233657434,3
188,5,1766.6955233657434,3
188,10,1787.2950537111176,3
112,1,1805.1701064855454,5
186,1,1814.3035293519952,5
1121,2,1818.1701064855454,5
1121,5,1823.1701064855454,5
186,8,1827.3035293519952,5
1121,6,1837.1701064855454,5
186,3,1837.3035293519952,5
1121,2,1851.1701064855454,5
186,6,1851.3035293519952,5
1121,4,1861.5200564707584,5
186,8,1865.3035293519952,5
186,4,1875.3035293519952,5
1121,5,1875.5200564707584,5
186,2,1889.3035293519952,5
1121,3,1889.5200564707584,5
186,7,1894.3035293519952,5
186,3,1899.3035293519952,5
1121,8,1903.5200564707584,5
186,4,1913.3035293519952,5
1121,4,1913.5200564707584,5
186,9,1927.3035293519952,5
1121,7,1927.5200564707584,5
1121,8,1932.5200564707584,5
186,7,1937.3035293519952,5
186,9,1942.3035293519952,5
1121,4,1942.5200564707584,5
186,3,1952.821686661894,5
1121,9,1956.5200564707584,5
1121,7,1966.5200564707584,5
186,4,1966.821686661894,5
1121,5,1971.5200564707584,5
186,7,1980.821686661894,5
1121,7,1985.5200564707584,5
186,6,1986.6889407527092,5
1121,4,1990.5200564707584,5
186,8,2000.6889407527092,5
1121,9,2004.5200564707584,5
186,4,2010.6889407527092,5
1121,3,2014.5200564707584,5
186,6,2024.6889407527092,5
1121,9,2028.5200564707584,5
1121,6,2038.5200564707584,5
186,9,2038.6889407527092,5
186,3,2048.688940752709,5
1121,7,2052.5200564707584,5
1121,8,2057.5200564707584,5
186,9,2062.688940752709,5
1121,6,2067.5200564707584,5
186,7,2072.688940752709,5
186,4,2077.688940752709,5
1121,7,2081.5200564707584,5
1121,9,2086.5200564707584,5
186,8,2091.688940752709,5
1121,3,2096.5200564707584,5
186,9,2101.688940752709,5
1121,5,2110.5200564707584,5
186,4,2111.688940752709,5
1121,3,2124.5200564707584,5
186,6,2125.688940752709,5
1121,8,2138.5200564707584,5
186,2,2139.688940752709,5
186,4,2144.688940752709,5
1121,6,2148.5200564707584,5
186,7,2158.688940752709,5
1121,2,2162.5200564707584,5
186,6,2163.688940752709,5
186,8,2177.688940752709,5
1121,3,2179.3061339721603,5
186,2,2187.688940752709,5
1121,9,2193.3061339721603,5
186,7,2194.1688198250627,5
186,5,2199.1688198250627,5
1121,5,2203.3061339721603,5
186,7,2213.1688198250627,5
1121,2,2217.3061339721603,5
186,8,2218.1688198250627,5
1121,7,2224.1993349340873,5
186,3,2228.1688198250627,5
1121,9,2229.1993349340873,5
1121,6,2239.1993349340873,5
186,9,2242.1688198250627,5
186,6,2252.1688198250627,5
1121,7,2253.1993349340873,5
1121,3,2258.1993349340873,5
186,4,2266.1688198250627,5
1121,5,2272.1993349340873,5
186,9,2280.1688198250627,5
1121,7,2286.1993349340873,5
186,6,2290.1688198250627,5
1121,3,2291.1993349340873,5
186,4,2304.1688198250627,5
1121,10,2313.656938369113,5
186,2,2318.1688198250627,5
186,10,2328.637499502213,5
260,1,2700.061850267106,7
114,1,2704.1897270700047,7
260,9,2713.061850267106,7
1144,2,2717.1897270700047,7
260,2,2723.061850267106,7
1144,4,2723.0815989842545,7
260,9,2728.061850267106,7
1144,8,2737.0815989842545,7
260,2,2738.061850267106,7
260,7,2743.061850267106,7
1144,3,2747.0815989842545,7
260,5,2748.061850267106,7
1144,8,2761.0815989842545,7
260,9,2762.061850267106,7
1144,6,2771.0815989842545,7
260,3,2772.061850267106,7
1144,5,2785.0815989842545,7
260,8,2786.061850267106,7
260,3,2796.061850267106,7
1144,3,2799.0815989842545,7
260,6,2810.061850267106,7
1144,9,2813.0815989842545,7
1144,5,2823.0815989842545,7
260,8,2824.061850267106,7
260,6,2834.061850267106,7
1144,8,2837.0815989842545,7
1144,2,2847.0815989842545,7
260,5,2848.061850267106,7
1144,8,2852.0815989842545,7
260,2,2862.061850267106,7
1144,2,2862.0815989842545,7
260,8,2867.061850267106,7
1144,8,2867.0815989842545,7
260,9,2877.061850267106,7
1144,9,2877.0815989842545,7
260,5,2887.061850267106,7
1144,3,2887.0815989842545,7
260,10,2897.4599639750722,7
1144,4,2901.0815989842545,7
1144,7,2915.0815989842545,7
1144,6,2920.0815989842545,7
1144,9,2934.0815989842545,7
1144,10,2949.344614433232,7
181,1,3605.298288223049,5
181,6,3618.298288223049,5
181,7,3632.298288223049,5
181,3,3637.298288223049,5
181,4,3651.298288223049,5
113,1,3652.2340852401385,5
1138,6,3665.2340852401385,5
181,3,3665.298288223049,5
1138,8,3679.2340852401385,5
181,9,3679.298288223049,5
1138,5,3689.2340852401385,5
181,2,3689.298288223049,5
181,4,3694.298288223049,5
1138,2,3703.2340852401385,5
1138,5,3708.2340852401385,5
181,5,3708.298288223049,5
1138,7,3722.2340852401385,5
181,2,3722.298288223049,5
181,3,3727.298288223049,5
1138,2,3727.8515129132775,5
1138,8,3732.8515129132775,5
181,6,3741.298288223049,5
1138,5,3742.8515129132775,5
181,3,3755.298288223049,5
1138,7,3756.8515129132775,5
1138,4,3761.8515129132775,5
181,4,3769.298288223049,5
1138,3,3775.8515129132775,5
181,2,3783.298288223049,5
181,9,3788.298288223049,5
1138,4,3789.8515129132775,5
181,4,3798.298288223049,5
1138,8,3803.8515129132775,5
181,9,3812.298288223049,5
1138,9,3813.8515129132775,5
181,4,3822.298288223049,5
1138,3,3823.8515129132775,5
181,2,3836.298288223049,5
1138,9,3837.8515129132775,5
181,4,3841.298288223049,5
1138,10,3848.528535597484,5
181,6,3855.298288223049,5
181,7,3869.298288223049,5
181,3,3874.298288223049,5
181,2,3888.298288223049,5
181,5,3893.298288223049,5
181,8,3907.298288223049,5
181,6,3917.298288223049,5
181,4,3931.298288223049,5
181,8,3945.298288223049,5
181,5,3956.1587873350168,5
181,9,3970.1587873350168,5
181,4,3980.1587873350168,5
181,6,3994.1587873350168,5
181,9,4008.1587873350168,5
181,4,4018.1587873350168,5
181,10,4040.185786222295,5
291,1,4505.6742933339465,3
111,1,4509.922348652779,3
291,6,4518.6742933339465,3
1116,7,4522.922348652779,3
1116,3,4527.922348652779,3
291,2,4532.6742933339465,3
1116,6,4541.922348652779,3
291,5,4543.705064375756,3
1116,5,4555.922348652779,3
291,3,4557.705064375756,3
1116,4,4569.922348652779,3
291,5,4571.705064375756,3
1116,5,4583.922348652779,3
291,3,4585.705064375756,3
1116,3,4597.922348652779,3
291,9,4599.705064375756,3
291,4,4609.705064375756,3
1116,2,4611.922348652779,3
1116,3,4616.922348652779,3
291,9,4623.705064375756,3
1116,9,4630.922348652779,3
291,2,4633.705064375756,3
291,9,4638.705064375756,3
1116,4,4640.922348652779,3
291,5,4648.705064375756,3
1116,9,4654.922348652779,3
1116,2,4664.922348652779,3
1116,3,4669.922348652779,3
291,10,4670.948300518248,3
1116,4,4683.922348652779,3
1116,2,4697.922348652779,3
1116,4,4702.922348652779,3
1116,7,4716.922348652779,3
1116,4,4728.423894675386,3
1116,5,4742.423894675386,3
1116,7,4763.071496578275,3
1116,8,4768.071496578275,3
1116,9,4778.071496578275,3
1116,3,4788.071496578275,3
1116,2,4802.071496578275,3
1116,6,4808.152147297861,3
1116,4,4822.152147297861,3
1116,9,4836.152147297861,3
1116,7,4846.152147297861,3
1116,4,4851.152147297861,3
1116,3,4865.152147297861,3
1116,4,4879.152147297861,3
1116,2,4893.152147297861,3
1116,5,4898.152147297861,3
1116,3,4912.152147297861,3
1116,9,4926.152147297861,3
1116,7,4936.152147297861,3
1116,2,4941.152147297861,3
1116,8,4946.152147297861,3
1116,2,4956.152147297861,3
1116,8,4961.152147297861,3
1116,6,4971.152147297861,3
1116,9,4985.152147297861,3
1116,5,4995.152147297861,3
1116,6,5009.152147297861,3
1116,9,5023.152147297861,3
1116,7,5033.152147297861,3
1116,4,5038.152147297861,3
1116,6,5052.152147297861,3
1116,3,5066.152147297861,3
1116,5,5080.152147297861,3
1116,9,5094.152147297861,3
1116,5,5104.152147297861,3
1116,8,5118.152147297861,3
1116,9,5128.152147297861,3
1116,10,5142.124951141766,3
259,1,5403.786444826286,1
259,9,5416.786444826286,1
259,2,5426.786444826286,1
259,8,5431.786444826286,1
259,4,5441.786444826286,1
259,7,5455.786444826286,1
259,5,5460.786444826286,1
265,1,5464.144538726801,1
259,7,5474.786444826286,1
265,6,5477.144538726801,1
259,6,5480.77973917319,1
265,4,5491.144538726801,1
259,3,5494.77973917319,1
265,8,5505.144538726801,1
259,2,5508.77973917319,1
259,7,5513.77973917319,1
265,5,5515.144538726801,1
259,6,5518.77973917319,1
265,2,5529.144538726801,1
259,3,5532.77973917319,1
265,4,5534.144538726801,1
259,5,5546.77973917319,1
265,2,5548.144538726801,1
265,3,5553.144538726801,1
259,8,5560.77973917319,1
265,9,5567.144538726801,1
259,9,5570.77973917319,1
265,3,5577.144538726801,1
259,7,5580.77973917319,1
259,6,5585.77973917319,1
265,6,5591.144538726801,1
259,2,5599.77973917319,1
259,7,5604.77973917319,1
265,7,5605.144538726801,1
259,3,5609.77973917319,1
265,8,5610.144538726801,1
265,6,5620.144538726801,1
259,7,5623.77973917319,1
259,4,5628.77973917319,1
265,3,5634.144538726801,1
259,8,5642.77973917319,1
265,6,5648.144538726801,1
259,9,5652.77973917319,1
265,4,5662.144538726801,1
259,6,5662.77973917319,1
265,3,5676.144538726801,1
259,2,5676.77973917319,1
259,6,5681.77973917319,1
265,8,5690.144538726801,1
259,5,5695.77973917319,1
265,7,5700.144538726801,1
265,4,5705.144538726801,1
259,2,5709.77973917319,1
259,7,5714.77973917319,1
265,6,5719.144538726801,1
259,8,5719.77973917319,1
259,4,5729.77973917319,1
265,9,5733.144538726801,1
265,6,5743.144538726801,1
259,9,5743.77973917319,1
265,7,5757.144538726801,1
259,4,5761.606729533117,1
265,8,5762.405370029452,1
265,5,5772.405370029452,1
259,9,5775.606729533117,1
259,4,5785.606729533117,1
265,2,5786.405370029452,1
265,8,5793.969625526133,1
259,8,5799.606729533117,1
265,9,5803.969625526133,1
259,5,5809.606729533117,1
265,5,5813.969625526133,1
259,7,5823.606729533117,1
265,9,5827.969625526133,1
259,6,5833.31292751336,1
265,5,5837.969625526133,1
259,9,5847.31292751336,1
265,6,5851.969625526133,1
259,4,5857.31292751336,1
265,4,5865.969625526133,1
259,2,5871.31292751336,1
259,9,5876.31292751336,1
265,7,5879.969625526133,1
265,5,5884.969625526133,1
259,4,5886.31292751336,1
265,3,5898.969625526133,1
259,6,5900.31292751336,1
265,2,5912.969625526133,1
259,9,5914.31292751336,1
265,9,5917.969625526133,1
259,5,5924.31292751336,1
265,6,5927.969625526133,1
259,3,5938.31292751336,1
265,4,5941.969625526133,1
259,6,5952.31292751336,1
265,2,5955.969625526133,1
265,7,5960.969625526133,1
265,9,5965.969625526133,1
259,5,5966.31292751336,1
265,6,5975.969625526133,1
259,6,5980.31292751336,1
265,5,5989.969625526133,1
259,4,5994.31292751336,1
265,9,6003.969625526133,1
259,7,6008.31292751336,1
259,6,6013.31292751336,1
265,5,6013.969625526133,1
259,3,6027.31292751336,1
265,3,6027.969625526133,1
259,10,6039.497502320556,1
265,4,6041.969625526133,1
265,8,6055.969625526133,1
265,5,6068.601651540726,1
265,10,6079.472126973889,1
