102,register,0.5092268768677223,1
102,ue_release,14.01169618932786,1
102,gnb_release,23.651891278524687,1
102,uplink,27.938895142665714,1
102,gnb_release,38.330369157518795,1
102,uplink,53.78047367594553,1
102,ue_release,63.72269789895416,1
102,uplink,75.77150210593607,1
101,register,93.10872259562973,1
102,deregister,101.46962066553995,1
101,downlink,106.55416419685429,1
101,gnb_release,135.9456953337633,1
101,uplink,165.3677869054801,1
101,deregister,179.09384684259066,1
101,register,180.94483904854656,2
102,register,181.57206787161275,2
201,register,187.59660875093354,2
102,gnb_release,192.30013996308983,2
101,downlink,193.39312585364905,2
102,uplink,194.30013996308983,2
201,uplink,197.9663520376217,2
102,ue_release,201.278203162698,2
101,uplink,202.35085016265643,2
201,gnb_release,202.9663520376217,2
103,register,203.3301304357983,2
202,register,203.5362232867438,1
102,ue_release,207.278203162698,2
201,uplink,209.983318299618,2
101,downlink,212.36258503102525,2
103,uplink,213.3301304357983,2
202,downlink,214.25990034517773,1
104,register,217.82185181809717,2
101,uplink,218.08218439508573,2
103,uplink,218.3301304357983,2
102,uplink,223.61142318761242,2
202,deregister,225.2637184403839,1
104,gnb_release,227.82185181809717,2
102,gnb_release,228.61142318761242,2
103,deregister,230.38673056205,2
102,uplink,231.089435229392,2
104,uplink,232.27474501854778,2
101,uplink,233.01237324375447,2
102,downlink,236.089435229392,2
203,register,236.51388790065653,2
201,gnb_release,242.81466697339619,2
201,uplink,244.81466697339619,2
101,deregister,246.1651704242014,2
203,ue_release,246.51388790065653,2
102,uplink,253.35933943955786,2
104,gnb_release,254.49534604628155,2
201,uplink,258.4855402345144,2
203,deregister,261.1026664587572,2
201,downlink,263.4855402345144,2
104,uplink,268.08614734933417,2
102,ue_release,268.7281005248737,2
201,ue_release,271.9721856726181,2
201,deregister,282.4043633198329,2
102,deregister,286.26967787441623,2
104,uplink,290.7503657085717,2
104,ue_release,299.6356534725866,2
104,ue_release,311.69515961333434,2
104,uplink,320.40330852337564,2
104,deregister,331.32151880790565,2
201,register,363.26538711868653,3
204,register,364.8995489167809,3
202,register,368.8736971237564,3
101,register,372.172755172907,3
201,uplink,373.26538711868653,3
201,ue_release,378.26538711868653,3
200,register,378.3830581173887,3
202,gnb_release,378.8736971237564,3
101,downlink,382.172755172907,3
102,register,382.98873109006536,3
204,ue_release,384.07757242860606,3
201,gnb_release,384.26538711868653,3
101,ue_release,387.4363312992692,3
200,gnb_release,388.3830581173887,3
204,uplink,393.35904799781696,3
200,uplink,393.79889743495016,3
202,uplink,393.94887361549195,3
102,downlink,395.75067137281314,3
201,deregister,396.826941118057,3
204,gnb_release,398.35904799781696,3
101,downlink,398.48999385388066,3
200,gnb_release,404.3530221210327,3
101,downlink,407.6022079668573,3
200,uplink,409.4970963104152,3
200,ue_release,414.4970963104152,3
202,uplink,416.0062321296157,3
101,gnb_release,416.7301911096411,3
104,register,418.29852117010864,3
204,uplink,418.53418134339967,3
203,register,418.60441816862254,3
101,uplink,418.7301911096411,3
202,downlink,421.8025231166301,3
102,ue_release,422.52176003171024,3
204,uplink,423.53418134339967,3
202,uplink,426.8025231166301,3
200,ue_release,427.4713526629541,3
104,ue_release,428.29852117010864,3
203,downlink,428.60441816862254,3
202,uplink,432.8805320534203,3
203,uplink,433.60441816862254,3
102,ue_release,434.6687034253676,3
204,deregister,438.0018623941919,3
101,gnb_release,438.293796325869,3
203,uplink,438.60441816862254,3
102,uplink,440.6687034253676,3
101,uplink,441.3826486279113,3
203,ue_release,443.60441816862254,3
101,uplink,446.3826486279113,3
200,downlink,448.65399029888636,3
202,gnb_release,448.7073503326517,3
100,register,449.4249770935361,3
104,uplink,449.83138136822595,3
100,deregister,450.8406150321207,3
203,deregister,454.44420127352885,3
102,downlink,455.3941461874519,3
104,uplink,456.80106562308595,3
101,uplink,456.93346636687374,3
202,uplink,457.79139663331324,3
104,ue_release,461.80106562308595,3
101,uplink,463.76552581360465,3
202,ue_release,466.58527811730113,3
104,downlink,467.80106562308595,3
101,downlink,468.855549290023,3
200,ue_release,470.4791899991206,3
202,gnb_release,472.58527811730113,3
101,uplink,473.855549290023,3
202,uplink,475.88115068573313,3
200,gnb_release,478.17256878322115,3
101,downlink,478.855549290023,3
202,ue_release,480.88115068573313,3
102,gnb_release,484.63532921502224,3
102,uplink,486.63532921502224,3
202,uplink,486.88115068573313,3
101,downlink,490.8435516257083,3
202,downlink,491.88115068573313,3
104,downlink,494.8170449372004,3
102,deregister,499.41528907889,3
104,uplink,499.8170449372004,3
104,ue_release,506.0801744718472,3
202,downlink,508.4691368882789,3
101,deregister,517.6651655244457,3
200,uplink,521.0908606396255,3
202,deregister,522.9324842631264,3
104,ue_release,523.7953917645474,3
200,downlink,529.6686619375375,3
104,gnb_release,529.7953917645474,3
104,uplink,531.7953917645474,3
200,uplink,536.4780052373005,3
104,gnb_release,536.7953917645474,3
101,register,541.8103531246886,4
104,uplink,542.5404408673344,3
201,register,544.86670902277,4
200,deregister,548.3564135321677,3
104,uplink,549.5162123415613,3
201,ue_release,554.86670902277,4
100,register,561.0964837324588,4
204,register,561.2355377744385,4
202,register,563.136684470522,4
104,deregister,563.605379562871,3
103,register,567.2762934051918,4
203,register,567.8157610875154,4
201,ue_release,570.5803103080501,4
204,ue_release,572.2168344472946,4
202,ue_release,573.136684470522,4
102,register,576.378150162607,4
202,gnb_release,579.136684470522,4
100,deregister,579.4477861324748,4
201,uplink,581.071977932153,4
203,deregister,581.8140943056753,4
103,downlink,585.8635989774433,4
202,uplink,586.2005288589836,4
102,downlink,586.378150162607,4
101,downlink,587.4078113648885,4
202,downlink,591.2005288589836,4
102,downlink,591.378150162607,4
204,uplink,593.0505989483107,4
202,downlink,600.2213087494455,4
102,uplink,600.2557608547596,4
204,gnb_release,602.4386574391433,4
201,downlink,602.4437895921469,4
103,downlink,603.0811459707086,4
202,uplink,605.2213087494455,4
201,downlink,607.9294018617667,4
103,ue_release,608.0811459707086,4
101,gnb_release,609.3163565076253,4
102,ue_release,610.8424312764339,4
202,downlink,612.7884248194761,4
201,ue_release,612.9294018617667,4
204,uplink,614.5539643364159,4
202,uplink,617.7884248194761,4
101,uplink,619.2506742998268,4
202,downlink,622.7884248194761,4
204,gnb_release,623.1579450992916,4
103,deregister,623.4999648830099,4
101,gnb_release,624.2506742998268,4
204,uplink,625.7575311426491,4
201,gnb_release,635.3770050682349,4
204,gnb_release,635.9207826597285,4
102,ue_release,636.260234598386,4
201,uplink,637.5839224086562,4
204,uplink,638.6508051266262,4
101,uplink,639.154676773359,4
202,downlink,639.2603653635937,4
204,gnb_release,643.6508051266262,4
202,uplink,644.2603653635937,4
102,gnb_release,649.5321372940213,4
201,ue_release,651.9251604314153,4
204,uplink,653.6364632593876,4
202,gnb_release,655.9747053846397,4
101,deregister,657.1090902979472,4
204,uplink,658.6364632593876,4
202,deregister,667.4238725829412,4
102,uplink,671.513117629769,4
204,uplink,674.9944496678504,4
204,downlink,679.9944496678504,4
102,downlink,683.7897495868821,4
201,ue_release,690.9316693887885,4
204,uplink,693.4199657074829,4
102,deregister,693.9923299163543,4
204,downlink,700.479027526991,4
201,deregister,705.6226240077112,4
204,deregister,717.0848694627311,4
