102,register,5.895655428513334,1
102,ue_release,19.511076534357127,1
102,ue_release,31.357934757235366,1
102,uplink,47.4465475838751,1
204,register,56.85598974233278,1
102,deregister,61.03324659117904,1
204,ue_release,69.26109320023477,1
203,register,73.85751490600973,1
204,gnb_release,75.26109320023477,1
204,uplink,79.98710556987136,1
204,downlink,84.98710556987136,1
203,uplink,88.02275861243959,1
204,gnb_release,96.795308434542,1
203,ue_release,97.88052399439059,1
203,ue_release,103.88052399439059,1
204,uplink,104.84049828805776,1
203,ue_release,109.88052399439059,1
204,ue_release,111.56296806239791,1
203,downlink,123.8356102985993,1
203,downlink,128.8356102985993,1
203,gnb_release,144.3626053057282,1
203,uplink,150.9377708428452,1
203,gnb_release,155.9377708428452,1
203,deregister,170.3423943479059,1
204,ue_release,172.56878717327072,1
204,gnb_release,179.69018267803227,1
204,uplink,185.78912941142698,1
101,register,188.64017356852725,2
204,ue_release,191.17950393198436,1
204,uplink,197.17950393198436,1
201,register,197.46852822414442,2
101,downlink,200.1409976836847,2
204,gnb_release,202.17950393198436,1
201,downlink,207.46852822414442,2
101,ue_release,211.22426388982328,2
204,uplink,212.35473051712995,1
202,register,214.79083664987647,2
101,downlink,217.22426388982328,2
204,downlink,217.35473051712995,1
202,deregister,217.42446147975352,2
204,gnb_release,223.00688834985633,1
204,uplink,225.77067283346534,1
101,ue_release,227.09576074840015,2
201,uplink,228.4045212802738,2
101,ue_release,233.09576074840015,2
201,ue_release,233.4045212802738,2
204,deregister,236.0195130738374,1
101,gnb_release,241.12598275348032,2
201,gnb_release,241.20855025998262,2
100,register,248.40034297419686,2
104,register,248.68737238422156,2
101,uplink,249.15324119419182,2
101,ue_release,254.15324119419182,2
101,downlink,260.1532411941918,2
103,register,261.2455497585972,2
201,uplink,261.74668868978546,2
104,downlink,262.7251455164568,2
101,gnb_release,265.1532411941918,2
201,gnb_release,266.74668868978546,2
104,gnb_release,267.7251455164568,2
103,uplink,271.2455497585972,2
104,uplink,274.0823763896971,2
101,uplink,274.4328242665674,2
103,downlink,278.7695529551745,2
103,uplink,283.7695529551745,2
104,gnb_release,290.0010394491782,2
100,gnb_release,290.3591574478226,2
104,uplink,293.2795405234733,2
101,uplink,295.4035957855938,2
201,uplink,297.4181954280783,2
104,gnb_release,301.0698244794667,2
201,gnb_release,302.4181954280783,2
100,uplink,303.4089051398754,2
101,ue_release,304.9190372710856,2
104,uplink,308.00369716143825,2
103,downlink,310.7835679986692,2
104,ue_release,313.00369716143825,2
101,downlink,315.3947355555147,2
100,gnb_release,315.522847173614,2
100,uplink,317.60442559435114,2
101,uplink,320.3947355555147,2
103,downlink,323.9464448216384,2
201,uplink,324.47100808283284,2
100,ue_release,325.3585575265464,2
101,downlink,326.3481606383684,2
103,ue_release,329.5173403223029,2
201,uplink,329.9752469355793,2
100,ue_release,331.3585575265464,2
101,deregister,338.6128742522416,2
201,downlink,338.68186876814434,2
100,ue_release,339.5469205140562,2
104,uplink,342.8560737705059,2
103,gnb_release,342.8819621118188,2
201,uplink,343.68186876814434,2
104,uplink,347.8560737705059,2
201,downlink,348.68186876814434,2
100,deregister,351.2012494771794,2
104,ue_release,355.1188592979169,2
103,uplink,360.4600784857855,2
201,gnb_release,360.60242871721823,2
104,gnb_release,361.1188592979169,2
201,uplink,362.60242871721823,2
102,register,364.6337532054174,3
103,uplink,365.4600784857855,2
204,register,368.5915397166775,3
101,register,368.76844089384053,3
104,uplink,368.8961964695851,2
200,register,372.0631092431774,3
100,register,373.4064522091805,3
201,deregister,373.5253672736769,2
103,deregister,378.12040803237517,2
104,gnb_release,381.4101250181459,2
200,ue_release,382.0631092431774,3
204,ue_release,382.78750426102624,3
100,gnb_release,383.4064522091805,3
104,uplink,386.17094200402346,2
102,downlink,390.6869228330979,3
104,ue_release,391.17094200402346,2
200,gnb_release,392.5176533636143,3
101,uplink,393.68311588612926,3
200,uplink,394.5176533636143,3
203,register,395.90322198916465,3
101,uplink,398.805328863017,3
102,downlink,399.3497001077548,3
100,uplink,399.4866615661193,3
200,ue_release,399.5176533636143,3
104,uplink,402.087574466462,2
204,gnb_release,402.88682817865634,3
200,ue_release,405.5176533636143,3
100,gnb_release,406.62522486439065,3
204,uplink,408.061945049862,3
101,gnb_release,408.47098740318955,3
102,downlink,408.4912282479734,3
101,uplink,410.47098740318955,3
200,gnb_release,411.5176533636143,3
203,uplink,414.9653907743834,3
101,gnb_release,415.47098740318955,3
104,deregister,415.8697333994204,2
204,downlink,417.91800211115003,3
100,deregister,418.5378543026971,3
204,downlink,422.91800211115003,3
102,uplink,427.56334235607216,3
101,deregister,427.77642751857604,3
200,uplink,430.25479034885774,3
203,downlink,432.4438913925,3
102,ue_release,432.56334235607216,3
204,deregister,433.2036505962125,3
200,uplink,436.92567352239683,3
203,gnb_release,437.4438913925,3
203,uplink,439.89100811810454,3
200,downlink,444.8220591909182,3
203,gnb_release,444.89100811810454,3
203,uplink,455.9437025253529,3
200,deregister,455.96559488140474,3
202,register,458.1536102105539,3
203,uplink,460.9437025253529,3
203,uplink,466.7409865767886,3
202,gnb_release,468.1536102105539,3
102,ue_release,472.94067426770084,3
202,uplink,477.8513398716763,3
102,gnb_release,478.94067426770084,3
203,deregister,481.5845711335287,3
202,downlink,482.8513398716763,3
102,uplink,486.97564612947735,3
202,downlink,487.8513398716763,3
202,ue_release,492.8513398716763,3
102,deregister,498.6059487825745,3
202,ue_release,499.9542468642453,3
202,ue_release,505.9542468642453,3
202,gnb_release,511.9542468642453,3
202,deregister,527.1928404438986,3
202,register,540.7028570383095,4
100,register,545.411581199363,4
204,register,546.7345812485245,4
102,register,548.8496299787106,4
202,uplink,550.7028570383095,4
101,register,551.4066307828598,4
100,downlink,555.411581199363,4
202,downlink,555.7028570383095,4
204,ue_release,556.7345812485245,4
102,uplink,558.8496299787106,4
100,uplink,560.411581199363,4
101,downlink,561.4066307828598,4
102,uplink,563.8496299787106,4
200,register,564.1432501810461,4
100,gnb_release,565.411581199363,4
101,ue_release,566.4066307828598,4
100,uplink,567.411581199363,4
104,register,568.1743533828509,4
102,gnb_release,568.8496299787106,4
204,gnb_release,571.70991513717,4
100,downlink,572.411581199363,4
203,register,573.3566863064825,4
200,downlink,574.1432501810461,4
102,uplink,574.2264404313121,4
202,uplink,576.1265083182764,4
204,uplink,576.6329137245036,4
100,downlink,577.5556405054527,4
201,register,580.32717696357,4
202,downlink,581.1265083182764,4
203,downlink,583.3566863064825,4
202,uplink,586.3267753780442,4
101,uplink,586.3818224529948,4
100,deregister,588.0846950981202,4
203,ue_release,588.3566863064825,4
200,gnb_release,591.1171207006842,4
204,deregister,591.6313472241865,4
202,downlink,592.0937161736492,4
201,deregister,592.8238622355684,4
102,downlink,593.7451713470685,4
203,gnb_release,597.4158133437664,4
101,downlink,599.0161361200587,4
200,uplink,601.7872675423346,4
104,gnb_release,603.2710263611118,4
101,uplink,604.0161361200587,4
102,uplink,604.8001245155411,4
202,ue_release,609.4010238758424,4
102,ue_release,609.8001245155411,4
103,register,611.2311301029711,4
203,uplink,611.4967537361313,4
104,uplink,611.5529507952914,4
202,uplink,615.4010238758424,4
102,uplink,616.396840830393,4
103,ue_release,621.2311301029711,4
101,deregister,626.0164341383486,4
203,uplink,626.3893109483485,4
104,deregister,627.974998505946,4
200,uplink,629.1233732790847,4
202,uplink,631.5611582313292,4
102,downlink,632.5400273566653,4
103,downlink,633.5610330222206,4
200,gnb_release,637.0912975141968,4
102,gnb_release,637.5400273566653,4
203,ue_release,638.5212699229018,4
103,uplink,643.1248073513556,4
203,ue_release,644.5212699229018,4
202,ue_release,645.8095416033757,4
200,uplink,649.7904622109604,4
102,uplink,650.3675078647782,4
202,uplink,651.8095416033757,4
200,uplink,654.7904622109604,4
200,gnb_release,659.7904622109604,4
102,uplink,661.2315623073739,4
103,gnb_release,663.1305824601404,4
200,uplink,663.6913878130472,4
202,ue_release,665.9482019071795,4
203,gnb_release,666.0630782270789,4
102,uplink,666.2315623073739,4
103,uplink,669.1417387323592,4
200,downlink,670.9760125028951,4
103,gnb_release,674.1417387323592,4
200,ue_release,675.9760125028951,4
102,deregister,676.4684478171831,4
202,ue_release,676.6386233612411,4
203,uplink,678.1015709363918,4
200,gnb_release,681.9760125028951,4
203,gnb_release,683.1015709363918,4
103,uplink,686.3435355228138,4
202,deregister,688.7260271739931,4
200,uplink,694.0285425969244,4
103,gnb_release,696.44148662657,4
103,uplink,698.5972703879384,4
203,deregister,699.6688300687455,4
103,gnb_release,703.5972703879384,4
103,uplink,705.5972703879384,4
200,deregister,708.8409737281215,4
103,gnb_release,715.3504373955997,4
103,deregister,727.7899243465062,4
